C -10 4 8 -7    
C 4 6 -6 0    
C 8 10 -2 -6
C 0 -10 -7 9
C 1 10 10 -3
C 5 4 6 -1
C 3 -10 5 -4
C 9 4 -2 4
C 2 1 -5 -2
C 7 6 -5 -7
C 6 -2 3 -10
C 2 -2 -9 10
C -5 9 10 3
C 10 -1 8 6
C -1 3 -1 1
C 2 1 5 -7
C 9 5 2 -3
C -7 -3 -6 -9
C -10 6 -5 4
C 9 -5 3 5
C 4 -4 7 9
C -5 2 -3 -6
C 8 -1 -3 -9
C 1 -6 10 8
C 0 -8 5 8
T -21 22 -1 -14 -24 6
T 24 23 25 12 26 -28
T 26 -22 15 9 -22 -11
T 18 22 -25 17 -11 21
T 26 -11 -24 -21 16 -29
T -24 17 -30 24 14 -23
T -4 9 -13 25 -11 1
T 10 24 16 18 -2 -23
T -24 20 29 11 19 1
T 11 19 25 -10 10 -9
T 13 -18 24 5 -10 30
T 0 -16 -3 -9 -2 -3
T 15 28 9 -2 -25 8
T -3 -26 -23 20 -23 -14
T -28 -17 6 -3 -5 -27
T 22 19 14 16 8 -6
T -4 27 -1 1 18 18
T -13 -20 24 10 -9 9
T -23 14 5 -14 23 -21
T -12 -6 -11 5 -15 -2
T 15 9 14 29 21 -3
T -24 17 27 6 17 -8
T -30 2 -1 -18 -20 -24
T 22 11 13 -22 22 23
T -19 16 -18 15 6 17
R 3 4 1 3 5 0 3 -1
R -5 -12 5 -13 10 138 20 137
R 29 21 23 23 16 -18 10 -16
R 26 -6 4 18 14 -17 -8 7
R -22 30 -23 29 7 1 6 0
R 5 -24 -8 -11 -21 -50 -34 -37
R -1 -12 29 -10 -26 363 4 365
R 19 11 22 -13 -11 7.25 -8 -16.75
R 5 -12 -15 -17 -23 100 -43 95
R 29 -30 -17 -29 54 1120 8 1121
R -27 2 15 27 -47 35.6 -5 60.6
R -3 10 -1 11 9 -14 11 -13
R -20 -8 5 -5 -11 -83 14 -80
R 17 -12 16 -25 17 -12 16 -25
R -3 -23 2 -28 23 3 28 -2
R 5 -18 11 -17 15 -78 21 -77
R 9 6 -20 10 31 165.5 2 169.5
R -8 1 3 -5 -23 -26.5 -12 -32.5
R 21 23 11 24 32 133 22 134
R -2 22 14 -23 -29 12.4 -13 -32.6
R -30 -18 -30 3 -58 -18 -58 3
R 17 -13 2 -11 33 107 18 109
R -28 -13 -25 -5 -8 -20.5 -5 -12.5
R -1 16 -21 12 -16 91 -36 87
R -30 -20 -24 -11 -18 -28 -12 -19
P 2 26 -9 14 -26 33 -15 45
P 5 -15 34 -3 10 7 -19 -5
P -19 -4 -37 7 -63 -1 -45 -12
P -17 -27 -29 -40 -34 -25 -22 -12
P -14 17 -30 11 -32 27 -16 33
P -7 -4 -5 21 23 26 21 1
P 6 27 -16 11 5 36 27 52
P -22 -16 7 9 21 -11 -8 -36
P 13 13 25 26 28 50 16 37
P 11 0 -4 -21 -31 -10 -16 11
P 21 -14 4 -25 -13 -22 4 -11
P 17 14 6 -9 8 17 19 40
P 22 3 48 -26 32 -53 6 -24
P -30 -21 -58 -22 -80 -27 -52 -26
P 9 -28 32 -57 25 -86 2 -57
P -18 -10 -23 -30 -8 -24 -3 -4
P 17 13 11 -6 9 -25 15 -6
P -12 -25 -7 -1 15 -16 10 -40
P -25 2 -3 20 10 7 -12 -11
P -16 16 -28 -5 -14 1 -2 22
P 25 -10 11 -6 28 3 42 -1
P 5 -22 -25 -14 -11 -35 19 -43
P -20 -27 10 -55 -18 -48 -48 -20
P 27 28 4 17 -15 -2 8 9
P -24 16 -24 16 -24 16 -24 16
